2.221474251093907837e-01 6.639839034205231583e-01
5.647033533963886631e-01 6.607142857142856984e-01
6.438457736035591017e-01 6.551810865191146638e-01
6.849642004773269788e-01 6.496478873239436291e-01
7.164890633763320027e-01 6.426056338028168780e-01
7.437334119728693516e-01 6.343058350100603260e-01
7.751405371642723363e-01 6.242454728370221417e-01
8.046357615894039750e-01 6.111670020120724134e-01
8.364338364338363974e-01 5.993460764587524858e-01
8.633839318770825111e-01 5.865191146881287843e-01
8.894192521877486435e-01 5.623742454728369866e-01
9.132674967797338450e-01 5.349597585513078402e-01
9.413167938931297218e-01 4.962273641851106531e-01
9.601293103448276245e-01 4.481891348088531402e-01
9.766708701134930726e-01 3.895875251509054449e-01
9.843137254901960231e-01 3.156438631790744465e-01
9.912184412733260341e-01 2.271126760563380309e-01
9.922779922779922934e-01 1.292756539235412339e-01
9.927007299270073082e-01 3.420523138832998189e-02
1.000000000000000000e+00 5.030181086519115111e-04
