3.684627575277337752e-01 9.356136820925553543e-01
7.878335112059765555e-01 9.283199195171025764e-01
8.361401911697770029e-01 9.240442655935613425e-01
8.565755664564353999e-01 9.222837022132797102e-01
8.705378391242265534e-01 9.200201207243460244e-01
8.842513952924047071e-01 9.164989939637826488e-01
8.957871396895786820e-01 9.144869215291751008e-01
9.046192259675405190e-01 9.112173038229376409e-01
9.132977370963640817e-01 9.034205231388330315e-01
9.230569948186528872e-01 8.961267605633802535e-01
9.352269710645075840e-01 8.860663983903420693e-01
9.466811751904243843e-01 8.752515090543259157e-01
9.547879809042403298e-01 8.551307847082495472e-01
9.635355892648774789e-01 8.307344064386318339e-01
9.723587223587223383e-01 7.962776659959758252e-01
9.784981806152828199e-01 7.439637826961770228e-01
9.837587006960556435e-01 6.398390342052313606e-01
9.912472647702407214e-01 4.557344064386317783e-01
9.959404600811907482e-01 1.851106639839034118e-01
1.000000000000000000e+00 3.521126760563380361e-03
