9.650028686173264258e-01 9.762042948345908133e-01
9.650028686173264258e-01 9.762042948345908133e-01
9.650028686173264258e-01 9.762042948345908133e-01
9.650028686173264258e-01 9.762042948345908133e-01
9.650028686173264258e-01 9.762042948345908133e-01
9.650028686173264258e-01 9.762042948345908133e-01
9.688401615695325653e-01 9.744631456761462251e-01
9.699421965317919225e-01 9.738827626233313994e-01
9.738219895287958394e-01 9.715612304120719855e-01
9.777517564402810057e-01 9.692396982008125716e-01
9.799882283696291774e-01 9.663377829367382210e-01
9.822169531713099699e-01 9.616947185142193932e-01
9.838516746411483105e-01 9.547301218804410405e-01
9.866098600121728790e-01 9.408009286128845572e-01
9.913043478260870067e-01 9.262913522925130261e-01
9.922077922077922052e-01 8.868253047011027679e-01
9.944941500344115504e-01 8.386535113174695688e-01
9.976671850699844191e-01 7.446314567614625846e-01
9.987937273823884743e-01 4.805571677307022838e-01
1.000000000000000000e+00 9.692396982008125161e-02
