3.898875223378534538e-01 9.328470824949698370e-01
7.869658119658119455e-01 9.263078470824949173e-01
8.366742596810934351e-01 9.237927565392354268e-01
8.617121354656631649e-01 9.215291750503018520e-01
8.762886597938144284e-01 9.192655935613681661e-01
8.855407047387606756e-01 9.164989939637826488e-01
8.953086419753086833e-01 9.119718309859154992e-01
9.046902432906948066e-01 9.071931589537223228e-01
9.143294237633859955e-01 9.019114688128773150e-01
9.243369734789391723e-01 8.941146881287725945e-01
9.379844961240310086e-01 8.825452716297786937e-01
9.483853160364339452e-01 8.641851106639839575e-01
9.582618639222413304e-01 8.430583501006035929e-01
9.669249106078665612e-01 8.161468812877263890e-01
9.770078740157480679e-01 7.801810865191146638e-01
9.812889812889813435e-01 7.122736418511066425e-01
9.872637633525062073e-01 6.043762575452715780e-01
9.922985781990520948e-01 4.212776659959758807e-01
9.988492520138090303e-01 2.183098591549295642e-01
1.000000000000000000e+00 4.225352112676056260e-02
